0.000000000000000000e+00 1.000000000000000000e+00 1.049455284371671349e+00
0.000000000000000000e+00 5.000000000000000000e+00 3.667744657410637821e+00
0.000000000000000000e+00 6.000000000000000000e+00 4.094235512814726974e+00
0.000000000000000000e+00 7.000000000000000000e+00 4.464549151752720491e+00
0.000000000000000000e+00 4.300000000000000000e+01 -1.000000000000000000e+00
0.000000000000000000e+00 4.400000000000000000e+01 -1.000000000000000000e+00
0.000000000000000000e+00 4.700000000000000000e+01 -1.000000000000000000e+00
0.000000000000000000e+00 4.800000000000000000e+01 -1.000000000000000000e+00
0.000000000000000000e+00 5.000000000000000000e+01 -1.000000000000000000e+00
0.000000000000000000e+00 5.700000000000000000e+01 -1.000000000000000000e+00
0.000000000000000000e+00 5.800000000000000000e+01 -1.000000000000000000e+00
0.000000000000000000e+00 6.000000000000000000e+01 -1.000000000000000000e+00
0.000000000000000000e+00 6.500000000000000000e+01 -1.000000000000000000e+00
0.000000000000000000e+00 6.600000000000000000e+01 -1.000000000000000000e+00
1.000000000000000000e+00 5.000000000000000000e+00 3.393720447253697259e+00
1.000000000000000000e+00 6.000000000000000000e+00 3.829505612291117078e+00
1.000000000000000000e+00 7.000000000000000000e+00 4.203081321394414260e+00
1.000000000000000000e+00 4.300000000000000000e+01 -1.000000000000000000e+00
1.000000000000000000e+00 4.400000000000000000e+01 -1.000000000000000000e+00
1.000000000000000000e+00 4.700000000000000000e+01 -1.000000000000000000e+00
1.000000000000000000e+00 4.800000000000000000e+01 -1.000000000000000000e+00
1.000000000000000000e+00 5.000000000000000000e+01 -1.000000000000000000e+00
1.000000000000000000e+00 5.700000000000000000e+01 -1.000000000000000000e+00
1.000000000000000000e+00 5.800000000000000000e+01 -1.000000000000000000e+00
1.000000000000000000e+00 6.000000000000000000e+01 -1.000000000000000000e+00
1.000000000000000000e+00 6.500000000000000000e+01 -1.000000000000000000e+00
1.000000000000000000e+00 6.600000000000000000e+01 -1.000000000000000000e+00
5.000000000000000000e+00 6.000000000000000000e+00 2.000416577948195940e+00
5.000000000000000000e+00 7.000000000000000000e+00 2.662802927530810937e+00
5.000000000000000000e+00 4.300000000000000000e+01 -1.000000000000000000e+00
5.000000000000000000e+00 4.400000000000000000e+01 -1.000000000000000000e+00
5.000000000000000000e+00 4.700000000000000000e+01 -1.000000000000000000e+00
5.000000000000000000e+00 4.800000000000000000e+01 -1.000000000000000000e+00
5.000000000000000000e+00 5.000000000000000000e+01 -1.000000000000000000e+00
5.000000000000000000e+00 5.700000000000000000e+01 -1.000000000000000000e+00
5.000000000000000000e+00 5.800000000000000000e+01 -1.000000000000000000e+00
5.000000000000000000e+00 6.000000000000000000e+01 -1.000000000000000000e+00
5.000000000000000000e+00 6.500000000000000000e+01 -1.000000000000000000e+00
5.000000000000000000e+00 6.600000000000000000e+01 -1.000000000000000000e+00
6.000000000000000000e+00 7.000000000000000000e+00 2.216462146927382637e+00
6.000000000000000000e+00 4.300000000000000000e+01 -1.000000000000000000e+00
6.000000000000000000e+00 4.400000000000000000e+01 -1.000000000000000000e+00
6.000000000000000000e+00 4.700000000000000000e+01 -1.000000000000000000e+00
6.000000000000000000e+00 4.800000000000000000e+01 -1.000000000000000000e+00
6.000000000000000000e+00 5.000000000000000000e+01 -1.000000000000000000e+00
6.000000000000000000e+00 5.700000000000000000e+01 -1.000000000000000000e+00
6.000000000000000000e+00 5.800000000000000000e+01 -1.000000000000000000e+00
6.000000000000000000e+00 6.000000000000000000e+01 -1.000000000000000000e+00
6.000000000000000000e+00 6.500000000000000000e+01 -1.000000000000000000e+00
6.000000000000000000e+00 6.600000000000000000e+01 -1.000000000000000000e+00
7.000000000000000000e+00 4.300000000000000000e+01 -1.000000000000000000e+00
7.000000000000000000e+00 4.400000000000000000e+01 -1.000000000000000000e+00
7.000000000000000000e+00 4.700000000000000000e+01 -1.000000000000000000e+00
7.000000000000000000e+00 4.800000000000000000e+01 -1.000000000000000000e+00
7.000000000000000000e+00 5.000000000000000000e+01 -1.000000000000000000e+00
7.000000000000000000e+00 5.700000000000000000e+01 -1.000000000000000000e+00
7.000000000000000000e+00 5.800000000000000000e+01 -1.000000000000000000e+00
7.000000000000000000e+00 6.000000000000000000e+01 -1.000000000000000000e+00
7.000000000000000000e+00 6.500000000000000000e+01 -1.000000000000000000e+00
7.000000000000000000e+00 6.600000000000000000e+01 -1.000000000000000000e+00
4.300000000000000000e+01 4.400000000000000000e+01 1.339366555722323104e+00
4.300000000000000000e+01 4.700000000000000000e+01 7.647780979058509399e-01
4.300000000000000000e+01 4.800000000000000000e+01 1.586023919581846631e+00
4.300000000000000000e+01 5.000000000000000000e+01 -1.000000000000000000e+00
4.300000000000000000e+01 5.700000000000000000e+01 -1.000000000000000000e+00
4.300000000000000000e+01 5.800000000000000000e+01 -1.000000000000000000e+00
4.300000000000000000e+01 6.000000000000000000e+01 -1.000000000000000000e+00
4.300000000000000000e+01 6.500000000000000000e+01 -1.000000000000000000e+00
4.300000000000000000e+01 6.600000000000000000e+01 -1.000000000000000000e+00
4.400000000000000000e+01 4.700000000000000000e+01 1.420811071728597774e+00
4.400000000000000000e+01 4.800000000000000000e+01 1.885208793927181326e+00
4.400000000000000000e+01 5.000000000000000000e+01 -1.000000000000000000e+00
4.400000000000000000e+01 5.700000000000000000e+01 -1.000000000000000000e+00
4.400000000000000000e+01 5.800000000000000000e+01 -1.000000000000000000e+00
4.400000000000000000e+01 6.000000000000000000e+01 -1.000000000000000000e+00
4.400000000000000000e+01 6.500000000000000000e+01 -1.000000000000000000e+00
4.400000000000000000e+01 6.600000000000000000e+01 -1.000000000000000000e+00
4.700000000000000000e+01 4.800000000000000000e+01 1.514533535812086829e+00
4.700000000000000000e+01 5.000000000000000000e+01 -1.000000000000000000e+00
4.700000000000000000e+01 5.700000000000000000e+01 -1.000000000000000000e+00
4.700000000000000000e+01 5.800000000000000000e+01 -1.000000000000000000e+00
4.700000000000000000e+01 6.000000000000000000e+01 -1.000000000000000000e+00
4.700000000000000000e+01 6.500000000000000000e+01 -1.000000000000000000e+00
4.700000000000000000e+01 6.600000000000000000e+01 -1.000000000000000000e+00
4.800000000000000000e+01 5.000000000000000000e+01 -1.000000000000000000e+00
4.800000000000000000e+01 5.700000000000000000e+01 -1.000000000000000000e+00
4.800000000000000000e+01 5.800000000000000000e+01 -1.000000000000000000e+00
4.800000000000000000e+01 6.000000000000000000e+01 -1.000000000000000000e+00
4.800000000000000000e+01 6.500000000000000000e+01 -1.000000000000000000e+00
4.800000000000000000e+01 6.600000000000000000e+01 -1.000000000000000000e+00
5.000000000000000000e+01 5.700000000000000000e+01 -1.000000000000000000e+00
5.000000000000000000e+01 5.800000000000000000e+01 3.650731664271595456e+00
5.000000000000000000e+01 6.000000000000000000e+01 1.689352111878600571e+00
5.000000000000000000e+01 6.500000000000000000e+01 -1.000000000000000000e+00
5.000000000000000000e+01 6.600000000000000000e+01 -1.000000000000000000e+00
5.700000000000000000e+01 5.800000000000000000e+01 -1.000000000000000000e+00
5.700000000000000000e+01 6.000000000000000000e+01 -1.000000000000000000e+00
5.700000000000000000e+01 6.500000000000000000e+01 2.124674949650955824e+00
5.700000000000000000e+01 6.600000000000000000e+01 2.815784576817587315e+00
5.800000000000000000e+01 6.000000000000000000e+01 4.340598679698866924e+00
5.800000000000000000e+01 6.500000000000000000e+01 -1.000000000000000000e+00
5.800000000000000000e+01 6.600000000000000000e+01 -1.000000000000000000e+00
6.000000000000000000e+01 6.500000000000000000e+01 -1.000000000000000000e+00
6.000000000000000000e+01 6.600000000000000000e+01 -1.000000000000000000e+00
6.500000000000000000e+01 6.600000000000000000e+01 2.039714082651142846e+00
