0.000000000000000000e+00 1.000000000000000000e+00 1.000000000000000222e+00
0.000000000000000000e+00 2.000000000000000000e+00 1.999999999999998890e+00
0.000000000000000000e+00 3.000000000000000000e+00 2.999999999999999556e+00
0.000000000000000000e+00 4.000000000000000000e+00 3.749999999999996891e+00
0.000000000000000000e+00 5.000000000000000000e+00 3.749999999999996003e+00
0.000000000000000000e+00 6.000000000000000000e+00 4.000000000000005329e+00
1.000000000000000000e+00 2.000000000000000000e+00 1.000000000000000000e+00
1.000000000000000000e+00 3.000000000000000000e+00 1.999999999999999112e+00
1.000000000000000000e+00 4.000000000000000000e+00 2.749999999999998224e+00
1.000000000000000000e+00 5.000000000000000000e+00 2.750000000000000000e+00
1.000000000000000000e+00 6.000000000000000000e+00 2.999999999999999112e+00
2.000000000000000000e+00 3.000000000000000000e+00 9.999999999999997780e-01
2.000000000000000000e+00 4.000000000000000000e+00 1.750000000000000444e+00
2.000000000000000000e+00 5.000000000000000000e+00 1.749999999999999778e+00
2.000000000000000000e+00 6.000000000000000000e+00 1.999999999999999556e+00
3.000000000000000000e+00 4.000000000000000000e+00 7.499999999999998890e-01
3.000000000000000000e+00 5.000000000000000000e+00 7.500000000000001110e-01
3.000000000000000000e+00 6.000000000000000000e+00 1.000000000000000000e+00
4.000000000000000000e+00 5.000000000000000000e+00 1.000000000000000222e+00
4.000000000000000000e+00 6.000000000000000000e+00 7.499999999999998890e-01
5.000000000000000000e+00 6.000000000000000000e+00 7.499999999999998890e-01
