0.000000000000000000e+00 1.000000000000000000e+00 2.000000000000000000e+00 3.000000000000000000e+00 4.000000000000000000e+00 5.000000000000000000e+00 6.000000000000000000e+00 8.000000000000000000e+00 9.000000000000000000e+00 1.100000000000000000e+01 5.100000000000000000e+01
1.000000000000000000e+00 0.000000000000000000e+00 1.006879701382540659e+01 -1 6.567902351567475705e+00 6.567902351567475705e+00 -1 6.513068651774849727e+00 7.056054458944285734e+00 -1 -1
2.000000000000000000e+00 1.006879701382540659e+01 0.000000000000000000e+00 -1 4.441050573178321415e+00 4.441050573178321415e+00 -1 9.170223961485282516e+00 5.026075597286018493e+00 -1 -1
3.000000000000000000e+00 -1 -1 0.000000000000000000e+00 -1 -1 -1 -1 -1 -1 -1
4.000000000000000000e+00 6.567902351567475705e+00 4.441050573178321415e+00 -1 0.000000000000000000e+00 0.000000000000000000e+00 -1 5.649060598873342443e+00 7.164503265674573296e-01 -1 -1
5.000000000000000000e+00 6.567902351567475705e+00 4.441050573178321415e+00 -1 0.000000000000000000e+00 0.000000000000000000e+00 -1 5.649060598873342443e+00 7.164503265674573296e-01 -1 -1
6.000000000000000000e+00 -1 -1 -1 -1 -1 0.000000000000000000e+00 -1 -1 -1 -1
8.000000000000000000e+00 6.513068651774849727e+00 9.170223961485282516e+00 -1 5.649060598873342443e+00 5.649060598873342443e+00 -1 0.000000000000000000e+00 6.136173110734620906e+00 -1 -1
9.000000000000000000e+00 7.056054458944285734e+00 5.026075597286018493e+00 -1 7.164503265674573296e-01 7.164503265674573296e-01 -1 6.136173110734620906e+00 0.000000000000000000e+00 -1 -1
1.100000000000000000e+01 -1 -1 -1 -1 -1 -1 -1 -1 0.000000000000000000e+00 -1
5.100000000000000000e+01 -1 -1 -1 -1 -1 -1 -1 -1 -1 0.000000000000000000e+00
