0.000000000000000000e+00 1.000000000000000000e+00 2.000000000000000000e+00 3.000000000000000000e+00 4.000000000000000000e+00 5.000000000000000000e+00 6.000000000000000000e+00 8.000000000000000000e+00 9.000000000000000000e+00 1.100000000000000000e+01 5.100000000000000000e+01
1.000000000000000000e+00 0.000000000000000000e+00 1.077510698670597478e+01 -1 7.867040948063893424e+00 9.840493261415369730e+00 -1 6.721786821481878782e+00 8.318729701625244388e+00 -1 -1
2.000000000000000000e+00 1.077510698670597478e+01 0.000000000000000000e+00 -1 5.203747778927461098e+00 7.269448242296554952e+00 -1 9.334240041377569241e+00 5.766948156973834116e+00 -1 -1
3.000000000000000000e+00 -1 -1 0.000000000000000000e+00 -1 -1 -1 -1 -1 -1 -1
4.000000000000000000e+00 7.867040948063893424e+00 5.203747778927461098e+00 -1 0.000000000000000000e+00 2.713979843222801058e+00 -1 6.413744813144544921e+00 1.346854974413408401e+00 -1 -1
5.000000000000000000e+00 9.840493261415369730e+00 7.269448242296554952e+00 -1 2.713979843222801058e+00 0.000000000000000000e+00 -1 8.386535062149773623e+00 1.832459429771778225e+00 -1 -1
6.000000000000000000e+00 -1 -1 -1 -1 -1 0.000000000000000000e+00 -1 -1 -1 -1
8.000000000000000000e+00 6.721786821481878782e+00 9.334240041377569241e+00 -1 6.413744813144544921e+00 8.386535062149773623e+00 -1 0.000000000000000000e+00 6.864633248534090626e+00 -1 -1
9.000000000000000000e+00 8.318729701625244388e+00 5.766948156973834116e+00 -1 1.346854974413408401e+00 1.832459429771778225e+00 -1 6.864633248534090626e+00 0.000000000000000000e+00 -1 -1
1.100000000000000000e+01 -1 -1 -1 -1 -1 -1 -1 -1 0.000000000000000000e+00 -1
5.100000000000000000e+01 -1 -1 -1 -1 -1 -1 -1 -1 -1 0.000000000000000000e+00
