1.000000000000000000e+00 5.576428622532449531e+00
2.000000000000000000e+00 4.893334476658386833e+00
3.000000000000000000e+00 -1.000000000000000000e+00
4.000000000000000000e+00 1.095336668756349940e+00
5.000000000000000000e+00 1.792266488115165535e+00
6.000000000000000000e+00 -1.000000000000000000e+00
8.000000000000000000e+00 4.499677436335919545e+00
9.000000000000000000e+00 8.651153595340682623e-01
1.100000000000000000e+01 -1.000000000000000000e+00
5.100000000000000000e+01 -1.000000000000000000e+00
