1.000000000000000000e+00 5.111268653613246116e+00
2.000000000000000000e+00 4.388516436228997897e+00
3.000000000000000000e+00 -1.000000000000000000e+00
4.000000000000000000e+00 5.850679082155084698e-01
5.000000000000000000e+00 5.850679082155084698e-01
6.000000000000000000e+00 -1.000000000000000000e+00
8.000000000000000000e+00 4.390480157910105596e+00
9.000000000000000000e+00 7.128473795380202427e-01
1.100000000000000000e+01 -1.000000000000000000e+00
5.100000000000000000e+01 -1.000000000000000000e+00
