0.000000000000000000e+00 1.000000000000000000e+00 2.806918344856872860e+00
0.000000000000000000e+00 1.000000000000000000e+01 2.775252769592102986e+00
1.000000000000000000e+00 2.000000000000000000e+00 2.614199299998366310e+00
1.000000000000000000e+00 1.000000000000000000e+01 1.245773460251065057e+00
2.000000000000000000e+00 3.000000000000000000e+00 1.122151685088855988e+00
2.000000000000000000e+00 1.100000000000000000e+01 1.493010015673339019e+00
3.000000000000000000e+00 4.000000000000000000e+00 5.143448241755296246e-01
3.000000000000000000e+00 1.100000000000000000e+01 1.673708734124372266e-01
3.000000000000000000e+00 1.200000000000000000e+01 5.013626993671604914e-01
4.000000000000000000e+00 5.000000000000000000e+00 9.535780617818183647e-01
4.000000000000000000e+00 1.100000000000000000e+01 4.765745700116867933e-01
4.000000000000000000e+00 1.200000000000000000e+01 1.988850070775488310e-01
4.000000000000000000e+00 1.300000000000000000e+01 4.054100642717585190e-01
5.000000000000000000e+00 6.000000000000000000e+00 1.366737270374401847e+00
5.000000000000000000e+00 1.200000000000000000e+01 1.176652408669236038e+00
5.000000000000000000e+00 1.300000000000000000e+01 1.036641657330270583e+00
5.000000000000000000e+00 1.400000000000000000e+01 1.020067490011648204e+00
6.000000000000000000e+00 7.000000000000000000e+00 1.221056173113880483e+00
6.000000000000000000e+00 1.300000000000000000e+01 9.659253150621178730e-01
6.000000000000000000e+00 1.400000000000000000e+01 1.231791512036577885e+00
6.000000000000000000e+00 1.500000000000000000e+01 8.453750955850227733e-01
7.000000000000000000e+00 8.000000000000000000e+00 5.203795159563130435e-01
7.000000000000000000e+00 1.400000000000000000e+01 9.824473564084782451e-01
7.000000000000000000e+00 1.500000000000000000e+01 1.224508534358514034e+00
7.000000000000000000e+00 1.600000000000000000e+01 8.285948677949530605e-01
8.000000000000000000e+00 9.000000000000000000e+00 6.917994166890253926e-02
8.000000000000000000e+00 1.500000000000000000e+01 1.537338557495555313e-01
8.000000000000000000e+00 1.600000000000000000e+01 1.699839126477960261e-01
8.000000000000000000e+00 1.700000000000000000e+01 1.274818058900746565e-01
9.000000000000000000e+00 1.600000000000000000e+01 2.477575105559434374e-02
9.000000000000000000e+00 1.700000000000000000e+01 4.440419061331186967e-02
1.000000000000000000e+01 1.800000000000000000e+01 1.660489810760223062e+00
1.000000000000000000e+01 1.900000000000000000e+01 1.937042694600206616e+00
1.100000000000000000e+01 1.200000000000000000e+01 1.442481720091450370e+00
1.100000000000000000e+01 2.000000000000000000e+01 4.485572019698093049e-01
1.100000000000000000e+01 2.100000000000000000e+01 2.615291683847495996e-01
1.200000000000000000e+01 1.300000000000000000e+01 1.433448401540344364e+00
1.200000000000000000e+01 2.100000000000000000e+01 9.930873259872808889e-01
1.200000000000000000e+01 2.200000000000000000e+01 7.336729356531718205e-01
1.300000000000000000e+01 1.400000000000000000e+01 9.631080341783463394e-01
1.300000000000000000e+01 2.200000000000000000e+01 4.614852894575923736e-01
1.300000000000000000e+01 2.300000000000000000e+01 5.040083538388340223e-01
1.400000000000000000e+01 1.500000000000000000e+01 8.241494137033502643e-01
1.400000000000000000e+01 2.200000000000000000e+01 9.489711281922152963e-01
1.400000000000000000e+01 2.300000000000000000e+01 6.166046832285193569e-01
1.400000000000000000e+01 2.400000000000000000e+01 3.798394098515320838e-01
1.500000000000000000e+01 1.600000000000000000e+01 3.014331902103127847e-01
1.500000000000000000e+01 2.300000000000000000e+01 9.359888744473959798e-01
1.500000000000000000e+01 2.400000000000000000e+01 3.323170213601862599e-01
1.500000000000000000e+01 2.500000000000000000e+01 1.043664108469293667e-01
1.600000000000000000e+01 1.700000000000000000e+01 5.151293098880949106e-02
1.600000000000000000e+01 2.400000000000000000e+01 4.026690114258885678e-01
1.600000000000000000e+01 2.500000000000000000e+01 2.237622569661648075e-01
1.600000000000000000e+01 2.600000000000000000e+01 1.082673763718387527e-01
1.700000000000000000e+01 2.500000000000000000e+01 1.217986664534000674e-01
1.700000000000000000e+01 2.600000000000000000e+01 1.016002610387972682e-01
1.800000000000000000e+01 1.900000000000000000e+01 5.310238289192479311e-01
1.800000000000000000e+01 2.700000000000000000e+01 4.786961391498983920e-01
1.800000000000000000e+01 2.800000000000000000e+01 6.507698426910909495e-01
1.900000000000000000e+01 2.000000000000000000e+01 1.110154346302607120e+00
1.900000000000000000e+01 2.700000000000000000e+01 8.199537514046009723e-02
1.900000000000000000e+01 2.800000000000000000e+01 4.866296357473732792e-01
1.900000000000000000e+01 2.900000000000000000e+01 7.986872116161828350e-01
2.000000000000000000e+01 2.100000000000000000e+01 6.543620564735388445e-01
2.000000000000000000e+01 2.800000000000000000e+01 3.358698380297782671e-01
2.000000000000000000e+01 2.900000000000000000e+01 6.676145903790087210e-02
2.000000000000000000e+01 3.000000000000000000e+01 4.117956579792288463e-01
2.100000000000000000e+01 2.900000000000000000e+01 4.665823383333893570e-01
2.100000000000000000e+01 3.000000000000000000e+01 1.629434572316881269e-01
2.100000000000000000e+01 3.100000000000000000e+01 4.692638492460020072e-01
2.200000000000000000e+01 2.300000000000000000e+01 9.541541539255701254e-01
2.200000000000000000e+01 3.100000000000000000e+01 9.625350197602191571e-01
2.200000000000000000e+01 3.200000000000000000e+01 5.079855048784008842e-01
2.300000000000000000e+01 2.400000000000000000e+01 9.913711391136493800e-01
2.300000000000000000e+01 3.200000000000000000e+01 1.151371699801082338e+00
2.400000000000000000e+01 2.500000000000000000e+01 3.456977201396936872e-01
2.400000000000000000e+01 3.300000000000000000e+01 2.002692578465327666e-01
2.500000000000000000e+01 2.600000000000000000e+01 7.064906493855804825e-02
2.500000000000000000e+01 3.300000000000000000e+01 6.247421956673260279e-02
2.500000000000000000e+01 3.400000000000000000e+01 5.209470347895459735e-03
2.600000000000000000e+01 3.300000000000000000e+01 9.413237720751706228e-02
2.600000000000000000e+01 3.400000000000000000e+01 4.508619526455152210e-02
2.700000000000000000e+01 2.800000000000000000e+01 2.084607855894070882e-01
2.700000000000000000e+01 3.500000000000000000e+01 1.255525500903013070e-01
2.700000000000000000e+01 3.600000000000000000e+01 2.266781786106555341e-01
2.800000000000000000e+01 2.900000000000000000e+01 4.806747724317251280e-01
2.800000000000000000e+01 3.500000000000000000e+01 1.303944169148888582e-02
2.800000000000000000e+01 3.600000000000000000e+01 1.681658533437191405e-01
2.800000000000000000e+01 3.700000000000000000e+01 3.896694387161768747e-01
2.900000000000000000e+01 3.000000000000000000e+01 5.392270258214402201e-01
2.900000000000000000e+01 3.600000000000000000e+01 1.819050605304344259e-01
2.900000000000000000e+01 3.700000000000000000e+01 1.059714086064894589e-01
2.900000000000000000e+01 3.800000000000000000e+01 4.391894585604308454e-01
3.000000000000000000e+01 3.100000000000000000e+01 7.073813855888818614e-01
3.000000000000000000e+01 3.700000000000000000e+01 3.066195151807887265e-01
3.000000000000000000e+01 3.800000000000000000e+01 8.514783481198973103e-02
3.000000000000000000e+01 3.900000000000000000e+01 4.138863343945745066e-01
3.100000000000000000e+01 3.200000000000000000e+01 6.870987599382724076e-01
3.100000000000000000e+01 3.800000000000000000e+01 4.422958026319973590e-01
3.100000000000000000e+01 3.900000000000000000e+01 1.234124553757234288e-01
3.100000000000000000e+01 4.000000000000000000e+01 8.393315416959774844e-02
3.200000000000000000e+01 3.900000000000000000e+01 5.433907526575265656e-01
3.200000000000000000e+01 4.000000000000000000e+01 4.264806766545073402e-01
3.300000000000000000e+01 3.400000000000000000e+01 4.366266107230890731e-02
3.500000000000000000e+01 3.600000000000000000e+01 1.133507394426581660e-01
3.600000000000000000e+01 3.700000000000000000e+01 3.268546672831033617e-01
3.700000000000000000e+01 3.800000000000000000e+01 5.155061397829521219e-01
3.800000000000000000e+01 3.900000000000000000e+01 5.034430044556759132e-01
3.800000000000000000e+01 4.100000000000000000e+01 9.083745418169157648e-02
3.900000000000000000e+01 4.000000000000000000e+01 1.998296698703882768e-01
3.900000000000000000e+01 4.100000000000000000e+01 2.698186952448861087e-03
3.900000000000000000e+01 4.200000000000000000e+01 4.944838955389020685e-02
4.000000000000000000e+01 4.100000000000000000e+01 4.546433725248943958e-02
4.000000000000000000e+01 4.200000000000000000e+01 9.742431504432652600e-02
4.100000000000000000e+01 4.200000000000000000e+01 2.099658677151866951e-02
4.100000000000000000e+01 4.500000000000000000e+01 1.623331671566974332e-02
4.100000000000000000e+01 4.600000000000000000e+01 1.074602200329208626e-02
4.200000000000000000e+01 4.500000000000000000e+01 1.393065111494047256e-02
4.200000000000000000e+01 4.600000000000000000e+01 1.304868760403243844e-02
4.300000000000000000e+01 4.400000000000000000e+01 1.678609486762272729e+00
4.300000000000000000e+01 4.700000000000000000e+01 2.370801743605569278e+00
4.300000000000000000e+01 4.800000000000000000e+01 1.145519669707438348e+00
4.400000000000000000e+01 4.700000000000000000e+01 1.234435853581519860e+00
4.400000000000000000e+01 4.800000000000000000e+01 1.273798629259903281e+00
4.500000000000000000e+01 4.600000000000000000e+01 2.302665600726783168e-03
4.700000000000000000e+01 4.800000000000000000e+01 1.574008219058318669e+00
4.900000000000000000e+01 5.000000000000000000e+01 4.052282368801159995e-01
4.900000000000000000e+01 5.800000000000000000e+01 4.960961855980414170e-01
4.900000000000000000e+01 5.900000000000000000e+01 1.918311900601658571e-01
5.000000000000000000e+01 5.100000000000000000e+01 7.303152653042656040e-01
5.000000000000000000e+01 5.800000000000000000e+01 7.375591760282552700e-01
5.000000000000000000e+01 5.900000000000000000e+01 3.874101719854607384e-01
5.000000000000000000e+01 6.000000000000000000e+01 6.826013337835291628e-01
5.100000000000000000e+01 5.200000000000000000e+01 2.631092837282467123e-01
5.100000000000000000e+01 5.900000000000000000e+01 3.477522736471212461e-01
5.100000000000000000e+01 6.000000000000000000e+01 4.113003975961393444e-01
5.100000000000000000e+01 6.100000000000000000e+01 2.017313749425506120e-01
5.200000000000000000e+01 5.300000000000000000e+01 1.562835923265282201e-02
5.200000000000000000e+01 6.000000000000000000e+01 2.017313749425591052e-01
5.200000000000000000e+01 6.100000000000000000e+01 3.327294400752045522e-02
5.200000000000000000e+01 6.200000000000000000e+01 1.247660554553004994e-02
5.300000000000000000e+01 5.400000000000000000e+01 6.318695602623620750e-04
5.300000000000000000e+01 6.100000000000000000e+01 1.247660554552981402e-02
5.300000000000000000e+01 6.200000000000000000e+01 2.016225542215144273e-03
5.300000000000000000e+01 6.300000000000000000e+01 5.036585846441309945e-04
5.400000000000000000e+01 5.500000000000000000e+01 3.770388125845514082e-05
5.400000000000000000e+01 6.200000000000000000e+01 5.036585846476898881e-04
5.400000000000000000e+01 6.300000000000000000e+01 6.030843071025415725e-05
5.400000000000000000e+01 6.400000000000000000e+01 3.019866363596194369e-05
5.500000000000000000e+01 6.300000000000000000e+01 3.019866364234698647e-05
5.500000000000000000e+01 6.400000000000000000e+01 7.505217631598171124e-06
5.600000000000000000e+01 5.700000000000000000e+01 8.344217613826809821e-01
5.600000000000000000e+01 6.500000000000000000e+01 9.116628537711837232e-01
5.600000000000000000e+01 6.600000000000000000e+01 5.900252858433182590e-01
5.700000000000000000e+01 6.500000000000000000e+01 7.511860323576878828e-01
5.700000000000000000e+01 6.600000000000000000e+01 8.045098790907394548e-01
5.800000000000000000e+01 5.900000000000000000e+01 8.856042801569072864e-01
5.900000000000000000e+01 6.000000000000000000e+01 7.091335423712521457e-01
6.000000000000000000e+01 6.100000000000000000e+01 2.631092837282587582e-01
6.100000000000000000e+01 6.200000000000000000e+01 1.562835923265248894e-02
6.200000000000000000e+01 6.300000000000000000e+01 6.318695602673951583e-04
6.300000000000000000e+01 6.400000000000000000e+01 3.770388126748495250e-05
6.500000000000000000e+01 6.600000000000000000e+01 1.019857041325571867e+00
