0.000000000000000000e+00 1.000000000000000000e+00 6.996368562477808251e-01
0.000000000000000000e+00 1.000000000000000000e+01 3.003631437522183978e-01
1.000000000000000000e+00 2.000000000000000000e+00 8.861628151087086458e-02
1.000000000000000000e+00 1.000000000000000000e+01 2.117468622413551382e-01
2.000000000000000000e+00 3.000000000000000000e+00 3.411204997565093350e-02
2.000000000000000000e+00 1.100000000000000000e+01 5.450423153521950087e-02
3.000000000000000000e+00 4.000000000000000000e+00 7.819315656814434731e-03
3.000000000000000000e+00 1.100000000000000000e+01 1.390762878915330347e-02
3.000000000000000000e+00 1.200000000000000000e+01 1.238510552967836756e-02
4.000000000000000000e+00 5.000000000000000000e+00 2.108315992684542568e-03
4.000000000000000000e+00 1.100000000000000000e+01 9.848783189448391659e-05
4.000000000000000000e+00 1.200000000000000000e+01 2.867013357689314652e-03
4.000000000000000000e+00 1.300000000000000000e+01 2.942474138335750451e-03
5.000000000000000000e+00 6.000000000000000000e+00 7.149468948715043126e-04
5.000000000000000000e+00 1.200000000000000000e+01 6.050203380824285392e-04
5.000000000000000000e+00 1.300000000000000000e+01 7.421914892544456688e-04
5.000000000000000000e+00 1.400000000000000000e+01 1.256197946641737567e-03
6.000000000000000000e+00 7.000000000000000000e+00 2.174713443538885626e-04
6.000000000000000000e+00 1.300000000000000000e+01 2.637333653609659728e-04
6.000000000000000000e+00 1.400000000000000000e+01 3.926769473540370203e-04
6.000000000000000000e+00 1.500000000000000000e+01 3.685319685252368030e-04
7.000000000000000000e+00 8.000000000000000000e+00 4.774847047265861125e-05
7.000000000000000000e+00 1.400000000000000000e+01 9.479519586495677055e-06
7.000000000000000000e+00 1.500000000000000000e+01 1.008214554603586261e-04
7.000000000000000000e+00 1.600000000000000000e+01 7.838093800854216897e-05
8.000000000000000000e+00 9.000000000000000000e+00 7.783352127500645147e-06
8.000000000000000000e+00 1.500000000000000000e+01 6.764827014351036673e-06
8.000000000000000000e+00 1.600000000000000000e+01 1.859024720336499638e-05
8.000000000000000000e+00 1.700000000000000000e+01 1.461004412890849522e-05
9.000000000000000000e+00 1.600000000000000000e+01 2.443939844516897749e-06
9.000000000000000000e+00 1.700000000000000000e+01 5.339412283382346280e-06
1.000000000000000000e+01 1.800000000000000000e+01 4.076532860215136694e-02
1.000000000000000000e+01 1.900000000000000000e+01 4.785095290870830520e-02
1.100000000000000000e+01 1.200000000000000000e+01 9.018888555849646771e-03
1.100000000000000000e+01 2.000000000000000000e+01 3.036808073996966409e-02
1.100000000000000000e+01 2.100000000000000000e+01 2.892640319665651383e-02
1.200000000000000000e+01 1.300000000000000000e+01 3.975642562476547695e-03
1.200000000000000000e+01 2.100000000000000000e+01 1.407673859908501086e-02
1.200000000000000000e+01 2.200000000000000000e+01 5.613605943573852543e-03
1.300000000000000000e+01 1.400000000000000000e+01 2.166064432708762148e-03
1.300000000000000000e+01 2.200000000000000000e+01 2.972396322557857573e-03
1.300000000000000000e+01 2.300000000000000000e+01 2.258114069441756466e-03
1.400000000000000000e+01 1.500000000000000000e+01 5.140238428096299828e-04
1.400000000000000000e+01 2.200000000000000000e+01 1.270763279217465179e-03
1.400000000000000000e+01 2.300000000000000000e+01 1.541086664521906791e-03
1.400000000000000000e+01 2.400000000000000000e+01 4.795860205704179265e-04
1.500000000000000000e+01 1.600000000000000000e+01 4.511668546280933612e-05
1.500000000000000000e+01 2.300000000000000000e+01 7.262430859373409080e-04
1.500000000000000000e+01 2.400000000000000000e+01 1.642132118055972256e-04
1.500000000000000000e+01 2.500000000000000000e+01 5.456911059863811606e-05
1.600000000000000000e+01 1.700000000000000000e+01 1.035737675303405325e-05
1.600000000000000000e+01 2.400000000000000000e+01 8.421396139274759903e-05
1.600000000000000000e+01 2.500000000000000000e+01 3.205569083242210127e-05
1.600000000000000000e+01 2.600000000000000000e+01 1.790478154211246674e-05
1.700000000000000000e+01 2.500000000000000000e+01 1.534302502585082589e-05
1.700000000000000000e+01 2.600000000000000000e+01 1.496380813514885944e-05
1.800000000000000000e+01 1.900000000000000000e+01 1.337184465862590980e-02
1.800000000000000000e+01 2.700000000000000000e+01 1.158227665933269333e-02
1.800000000000000000e+01 2.800000000000000000e+01 1.581120728419480384e-02
1.900000000000000000e+01 2.000000000000000000e+01 2.994582218723707001e-02
1.900000000000000000e+01 2.700000000000000000e+01 1.675455732718710749e-03
1.900000000000000000e+01 2.800000000000000000e+01 1.123572390021831957e-02
1.900000000000000000e+01 2.900000000000000000e+01 1.836579574716160068e-02
2.000000000000000000e+01 2.100000000000000000e+01 1.402054844904976338e-02
2.000000000000000000e+01 2.800000000000000000e+01 1.058175185495638382e-02
2.000000000000000000e+01 2.900000000000000000e+01 5.958997136740529221e-03
2.000000000000000000e+01 3.000000000000000000e+01 2.097941989915678377e-03
2.100000000000000000e+01 2.900000000000000000e+01 1.412767216873806603e-02
2.100000000000000000e+01 3.000000000000000000e+01 1.105361043383901176e-02
2.100000000000000000e+01 3.100000000000000000e+01 3.801310744112592743e-03
2.200000000000000000e+01 2.300000000000000000e+01 7.697395543537766116e-04
2.200000000000000000e+01 3.100000000000000000e+01 6.305093618557883195e-03
2.200000000000000000e+01 3.200000000000000000e+01 4.321411481144565858e-03
2.300000000000000000e+01 2.400000000000000000e+01 8.628496099066795821e-04
2.300000000000000000e+01 3.200000000000000000e+01 4.618553875450698981e-03
2.400000000000000000e+01 2.500000000000000000e+01 8.704083551036578825e-05
2.400000000000000000e+01 3.300000000000000000e+01 4.779558062515753094e-05
2.500000000000000000e+01 2.600000000000000000e+01 6.734505944239188580e-06
2.500000000000000000e+01 3.300000000000000000e+01 1.944767716877127128e-05
2.500000000000000000e+01 3.400000000000000000e+01 2.213819724814447019e-06
2.600000000000000000e+01 3.300000000000000000e+01 1.851359922547760474e-05
2.600000000000000000e+01 3.400000000000000000e+01 7.620484508974456617e-06
2.700000000000000000e+01 2.800000000000000000e+01 5.121030379778993349e-03
2.700000000000000000e+01 3.500000000000000000e+01 2.942337989707628949e-03
2.700000000000000000e+01 3.600000000000000000e+01 5.194364022564190893e-03
2.800000000000000000e+01 2.900000000000000000e+01 1.099219222911895777e-02
2.800000000000000000e+01 3.500000000000000000e+01 4.288239348055365783e-04
2.800000000000000000e+01 3.600000000000000000e+01 3.337364503251227799e-03
2.800000000000000000e+01 3.700000000000000000e+01 7.685476911671408617e-03
2.900000000000000000e+01 3.000000000000000000e+01 8.925935151951280844e-03
2.900000000000000000e+01 3.600000000000000000e+01 4.626156236595796965e-03
2.900000000000000000e+01 3.700000000000000000e+01 1.849298209919414404e-04
2.900000000000000000e+01 3.800000000000000000e+01 5.156469576439615989e-03
3.000000000000000000e+01 3.100000000000000000e+01 5.677745224720420758e-03
3.000000000000000000e+01 3.700000000000000000e+01 6.442354404843142479e-03
3.000000000000000000e+01 3.800000000000000000e+01 1.633585942986126582e-03
3.000000000000000000e+01 3.900000000000000000e+01 2.368461831138010502e-03
3.100000000000000000e+01 3.200000000000000000e+01 3.154866932537192525e-03
3.100000000000000000e+01 3.800000000000000000e+01 5.169891848185857730e-03
3.100000000000000000e+01 3.900000000000000000e+01 2.328234381162030964e-03
3.100000000000000000e+01 4.000000000000000000e+01 8.539984114175551801e-05
3.200000000000000000e+01 3.900000000000000000e+01 3.328368014479141795e-03
3.200000000000000000e+01 4.000000000000000000e+01 2.456730409578278262e-03
3.300000000000000000e+01 3.400000000000000000e+01 9.834304233032515496e-06
3.500000000000000000e+01 3.600000000000000000e+01 2.513514054901458492e-03
3.600000000000000000e+01 3.700000000000000000e+01 6.419086344122693077e-03
3.700000000000000000e+01 3.800000000000000000e+01 7.477279029957095702e-03
3.800000000000000000e+01 3.900000000000000000e+01 4.983096786544516377e-03
3.800000000000000000e+01 4.100000000000000000e+01 8.471740286793717203e-04
3.900000000000000000e+01 4.000000000000000000e+01 1.431382640540842079e-03
3.900000000000000000e+01 4.100000000000000000e+01 4.768919558750805976e-05
3.900000000000000000e+01 4.200000000000000000e+01 3.112627770890974725e-04
4.000000000000000000e+01 4.100000000000000000e+01 3.673546603901639606e-04
4.000000000000000000e+01 4.200000000000000000e+01 7.433929497896452077e-04
4.100000000000000000e+01 4.200000000000000000e+01 1.891210763515566628e-04
4.100000000000000000e+01 4.500000000000000000e+01 1.462172096556857426e-04
4.100000000000000000e+01 4.600000000000000000e+01 9.679188669453885367e-05
4.200000000000000000e+01 4.500000000000000000e+01 1.254765720638922042e-04
4.200000000000000000e+01 4.600000000000000000e+01 1.175325242860347785e-04
4.500000000000000000e+01 4.600000000000000000e+01 2.074063759146168101e-05
