0.000000000000000000e+00 7.771561172376158892e-15
1.000000000000000000e+00 1.049455284371679120e+00
2.000000000000000000e+00 8.279145805945019587e-01
3.000000000000000000e+00 7.085224056797236880e-01
4.000000000000000000e+00 6.733354852240587274e-01
5.000000000000000000e+00 6.617397472642937428e-01
6.000000000000000000e+00 6.570925924476289648e-01
7.000000000000000000e+00 6.554615573649748006e-01
8.000000000000000000e+00 6.550556953659572024e-01
9.000000000000000000e+00 6.549817535207459462e-01
1.000000000000000000e+01 4.505447156283353682e-01
1.100000000000000000e+01 6.737533337068404293e-01
1.200000000000000000e+01 6.647344451509907826e-01
1.300000000000000000e+01 6.587709813072759601e-01
1.400000000000000000e+01 6.555218846582128167e-01
1.500000000000000000e+01 6.550078608154031867e-01
1.600000000000000000e+01 6.549627441299403774e-01
1.700000000000000000e+01 6.549523867531873433e-01
1.800000000000000000e+01 5.524580371337137752e-01
1.900000000000000000e+01 5.858876487802785471e-01
2.000000000000000000e+01 6.308063820611341521e-01
2.100000000000000000e+01 6.448269305101839155e-01
2.200000000000000000e+01 6.528261886621602450e-01
2.300000000000000000e+01 6.539807979936909099e-01
2.400000000000000000e+01 6.548436476035975895e-01
2.500000000000000000e+01 6.549306884391079553e-01
2.600000000000000000e+01 6.549374229450521945e-01
2.700000000000000000e+01 5.929960054413782045e-01
2.800000000000000000e+01 6.083590965807151862e-01
2.900000000000000000e+01 6.248473849243936229e-01
3.000000000000000000e+01 6.337733200763449037e-01
3.100000000000000000e+01 6.394510653010653245e-01
3.200000000000000000e+01 6.441833656998711133e-01
3.300000000000000000e+01 6.549112407619391840e-01
3.400000000000000000e+01 6.549259922182887328e-01
3.500000000000000000e+01 6.062365263950625360e-01
3.600000000000000000e+01 6.150338255872176418e-01
3.700000000000000000e+01 6.246624551034016815e-01
3.800000000000000000e+01 6.321397341333587772e-01
3.900000000000000000e+01 6.371228309199032935e-01
4.000000000000000000e+01 6.392699048807145568e-01
4.100000000000000000e+01 6.369320741375532613e-01
4.200000000000000000e+01 6.377831189811352663e-01
4.500000000000000000e+01 6.375169429761760043e-01
4.600000000000000000e+01 6.375480539325631968e-01
