0.000000000000000000e+00 1.000000000000000000e+00 2.828427124618172250e+00
0.000000000000000000e+00 4.000000000000000000e+00 3.656854249236340504e+00
1.000000000000000000e+00 4.000000000000000000e+00 2.928932188454595131e+00
4.000000000000000000e+00 5.000000000000000000e+00 6.000000000000009770e+00
5.000000000000000000e+00 8.000000000000000000e+00 5.999999999999998224e+00
6.000000000000000000e+00 7.000000000000000000e+00 2.720779386251853671e-01
6.000000000000000000e+00 9.000000000000000000e+00 4.142135623439149872e-01
6.000000000000000000e+00 1.000000000000000000e+01 3.137084990308995347e-01
7.000000000000000000e+00 9.000000000000000000e+00 1.005050634062082393e-01
7.000000000000000000e+00 1.000000000000000000e+01 1.715728752189766282e-01
8.000000000000000000e+00 1.100000000000000000e+01 4.000000000000004441e+00
9.000000000000000000e+00 1.000000000000000000e+01 2.943725150024700810e-02
9.000000000000000000e+00 1.200000000000000000e+01 1.715728752189763506e-01
9.000000000000000000e+00 1.300000000000000000e+01 3.137084990308996457e-01
1.000000000000000000e+01 1.200000000000000000e+01 1.005050634062080450e-01
1.000000000000000000e+01 1.300000000000000000e+01 4.142135623439151537e-01
1.200000000000000000e+01 1.300000000000000000e+01 2.720779386251858112e-01
