0.000000000000000000e+00 5.242640687119300758e+00
1.000000000000000000e+00 4.878679656440360723e+00
2.000000000000000000e+00 0.000000000000000000e+00
3.000000000000000000e+00 0.000000000000000000e+00
4.000000000000000000e+00 6.292893218813477851e+00
5.000000000000000000e+00 8.000000000000010658e+00
6.000000000000000000e+00 9.999999999999995559e-01
7.000000000000000000e+00 2.720779386421448565e-01
8.000000000000000000e+00 6.999999999999998224e+00
9.000000000000000000e+00 5.147186257614299043e-01
1.000000000000000000e+01 5.147186257614299043e-01
1.100000000000000000e+01 4.000000000000005329e+00
1.200000000000000000e+01 2.720779386421447454e-01
1.300000000000000000e+01 9.999999999999998890e-01
