0.000000000000000000e+00 1.000000000000000000e+00 7.071067811865475727e-01
0.000000000000000000e+00 5.000000000000000000e+00 1.707106781186547906e+00
0.000000000000000000e+00 6.000000000000000000e+00 -1.000000000000000000e+00
0.000000000000000000e+00 8.000000000000000000e+00 2.707106781186546574e+00
0.000000000000000000e+00 1.100000000000000000e+01 3.707106781186547906e+00
0.000000000000000000e+00 1.300000000000000000e+01 -1.000000000000000000e+00
1.000000000000000000e+00 5.000000000000000000e+00 1.828427124746190291e+00
1.000000000000000000e+00 6.000000000000000000e+00 -1.000000000000000000e+00
1.000000000000000000e+00 8.000000000000000000e+00 2.828427124746190735e+00
1.000000000000000000e+00 1.100000000000000000e+01 3.828427124746190291e+00
1.000000000000000000e+00 1.300000000000000000e+01 -1.000000000000000000e+00
5.000000000000000000e+00 6.000000000000000000e+00 -1.000000000000000000e+00
5.000000000000000000e+00 8.000000000000000000e+00 9.999999999999998890e-01
5.000000000000000000e+00 1.100000000000000000e+01 2.000000000000000444e+00
5.000000000000000000e+00 1.300000000000000000e+01 -1.000000000000000000e+00
6.000000000000000000e+00 8.000000000000000000e+00 -1.000000000000000000e+00
6.000000000000000000e+00 1.100000000000000000e+01 -1.000000000000000000e+00
6.000000000000000000e+00 1.300000000000000000e+01 8.578643762690494334e-01
8.000000000000000000e+00 1.100000000000000000e+01 1.000000000000000000e+00
8.000000000000000000e+00 1.300000000000000000e+01 -1.000000000000000000e+00
1.100000000000000000e+01 1.300000000000000000e+01 -1.000000000000000000e+00
