0.000000000000000000e+00 4.791085557224479707e+00
1.000000000000000000e+00 5.333445552553186531e+00
2.000000000000000000e+00 2.614680500380284656e+00
3.000000000000000000e+00 1.152615041022032827e+00
4.000000000000000000e+00 1.274396263659189898e+00
5.000000000000000000e+00 4.776838444083715274e+00
6.000000000000000000e+00 4.815442683086002873e+00
7.000000000000000000e+00 4.388493223816074540e+00
8.000000000000000000e+00 5.203795159563366912e-01
9.000000000000000000e+00 6.917994166891384966e-02
1.000000000000000000e+01 3.809279367601819732e+00
1.100000000000000000e+01 2.144761774771769769e+00
1.200000000000000000e+01 3.239795249193124782e+00
1.300000000000000000e+01 2.885013557839672949e+00
1.400000000000000000e+01 3.483489513805369864e+00
1.500000000000000000e+01 2.360936198130681785e+00
1.600000000000000000e+01 1.055499648730695794e+00
1.700000000000000000e+01 2.233989274922391632e-01
1.800000000000000000e+01 1.660489810760243712e+00
1.900000000000000000e+01 2.472766546163051693e+00
2.000000000000000000e+01 1.513750279896456163e+00
2.100000000000000000e+01 1.503884097828344757e+00
2.200000000000000000e+01 2.284402015933599372e+00
2.300000000000000000e+01 2.576749452177550026e+00
2.400000000000000000e+01 1.326081779868772736e+00
2.500000000000000000e+01 4.669789046297256330e-01
2.600000000000000000e+01 2.098676374106555886e-01
2.700000000000000000e+01 5.606915142903696747e-01
2.800000000000000000e+01 1.366639804120390878e+00
2.900000000000000000e+01 1.539499367469017388e+00
3.000000000000000000e+01 1.313500605504317020e+00
3.100000000000000000e+01 1.737960213355369765e+00
3.200000000000000000e+01 1.658163696964914502e+00
3.300000000000000000e+01 2.002692578465636308e-01
3.400000000000000000e+01 4.697916334238732422e-02
3.500000000000000000e+01 1.259713656122311010e-01
3.600000000000000000e+01 5.084772496053002744e-01
3.700000000000000000e+01 8.223105847847808070e-01
3.800000000000000000e+01 1.038209847212386405e+00
3.900000000000000000e+01 9.180543966301311087e-01
4.000000000000000000e+01 4.265660764956639150e-01
4.100000000000000000e+01 9.348795193855984065e-02
4.200000000000000000e+01 9.742431504438178735e-02
4.300000000000000000e+01 4.097465450037643286e+00
4.400000000000000000e+01 3.593421984801850932e+00
4.500000000000000000e+01 1.623331671567437157e-02
4.600000000000000000e+01 1.304868760403265701e-02
4.700000000000000000e+01 4.089622908122703571e+00
4.800000000000000000e+01 3.496663259012831482e+00
4.900000000000000000e+01 5.465778062691675210e-01
5.000000000000000000e+01 2.471557091990816968e+00
5.100000000000000000e+01 9.771042976091675047e-01
5.200000000000000000e+01 2.631092837282624775e-01
5.300000000000000000e+01 1.562835923265427918e-02
5.400000000000000000e+01 6.318695602623620750e-04
5.500000000000000000e+01 3.770388127483568737e-05
5.600000000000000000e+01 1.168054950498592426e+00
5.700000000000000000e+01 2.195058836415553660e+00
5.800000000000000000e+01 2.059629820891599294e+00
5.900000000000000000e+01 1.260865729110455025e+00
6.000000000000000000e+01 2.133937966210886827e+00
6.100000000000000000e+01 2.631092837282623109e-01
6.200000000000000000e+01 1.562835923266027785e-02
6.300000000000000000e+01 6.318695602680564133e-04
6.400000000000000000e+01 3.770388126942859496e-05
6.500000000000000000e+01 2.341352963727222125e+00
6.600000000000000000e+01 2.207196103129815512e+00
